1.000553220184307923e+00 1.000553180834785172e+00
1.002454122852291185e+00 1.002454172140830657e+00
1.004354138539359953e+00 1.004354099118298205e+00
1.005459246152095254e+00 1.005459206849792952e+00
1.007356456359966845e+00 1.007356505373767641e+00
1.009251007761908792e+00 1.009250968353848865e+00
1.010352120317728808e+00 1.010352081222725795e+00
1.012241067519921600e+00 1.012241116362582405e+00
1.014125590496466778e+00 1.014125551429427396e+00
1.015220055318778236e+00 1.015220016697415462e+00
1.017096188876030149e+00 1.017096237433617656e+00
1.018966143446263128e+00 1.018966104681679585e+00
1.020051323873445215e+00 1.020051285632042504e+00
1.021910124015686927e+00 1.021910171936089684e+00
1.023761005295259263e+00 1.023760966699343911e+00
1.024834287032612590e+00 1.024834249058295566e+00
1.026671275747489842e+00 1.026671322881143711e+00
1.028498624801281069e+00 1.028498586685821614e+00
1.029557422219091967e+00 1.029557385002802805e+00
1.031368174039889229e+00 1.031368220813632552e+00
1.033167588623971733e+00 1.033167551450646870e+00
1.034209350986520892e+00 1.034209314749684028e+00
1.035989503653498733e+00 1.035989549558015810e+00
1.037756648820529870e+00 1.037756612019935742e+00
1.038778866431038006e+00 1.038778830587586022e+00
1.040524131400498931e+00 1.040524176052825212e+00
1.042254749942987280e+00 1.042254713784251496e+00
1.043254960189695435e+00 1.043254925263274568e+00
1.044961132965460671e+00 1.044961176748116838e+00
1.046651055671752983e+00 1.046651020517117114e+00
1.047626848960568680e+00 1.047626815082809637e+00
1.049289819222978482e+00 1.049289861801045998e+00
1.050934974921255760e+00 1.050934940569481446e+00
1.051884000480676651e+00 1.051883967514859686e+00
1.053499761988709649e+00 1.053499803248036715e+00
1.055096187354796156e+00 1.055096154020604304e+00
1.056016158899125035e+00 1.056016127102199498e+00
1.057580819141784589e+00 1.057580859114928717e+00
1.059124668247142909e+00 1.059124636055014834e+00
1.060013369484349210e+00 1.060013338913762482e+00
1.061523159058062715e+00 1.061523197585870326e+00
1.063010712634973043e+00 1.063010681614482200e+00
1.063866002605935446e+00 1.063865973320561542e+00
1.065317284295377753e+00 1.065317321313806076e+00
1.066744958696978829e+00 1.066744928929016734e+00
1.067564776933242809e+00 1.067564748966657984e+00
1.068954054473706616e+00 1.068954089731439794e+00
1.070318410307315560e+00 1.070318381662920260e+00
1.071100781794942280e+00 1.071100755033817187e+00
1.072424708295146800e+00 1.072424741748458032e+00
1.073722458708056937e+00 1.073722431509094744e+00
1.074465498645605033e+00 1.074465473514803149e+00
1.075720884650648523e+00 1.075720916478588363e+00
1.076948903248445610e+00 1.076948877579098962e+00
1.077650821587623042e+00 1.077650797978444208e+00
1.078834642762660723e+00 1.078834672604062961e+00
1.079989971140981053e+00 1.079989946857333294e+00
1.080649076899027783e+00 1.080649054786168906e+00
1.081758481315158393e+00 1.081758509200542617e+00
1.082838336186743744e+00 1.082838313518285300e+00
1.083453041520157978e+00 1.083453021113892634e+00
1.084485356524970801e+00 1.084485382427176958e+00
1.085487136424851284e+00 1.085487115362203658e+00
1.086055960454642921e+00 1.086055941694012317e+00
1.087008699110871168e+00 1.087008722876642297e+00
1.087929990663522695e+00 1.087929971230078063e+00
1.088451563042780679e+00 1.088451545995482217e+00
1.089322430119551655e+00 1.089322451769304978e+00
1.090161013852927852e+00 1.090160996172545582e+00
1.090634078068106527e+00 1.090634062826730588e+00
1.091420975570353002e+00 1.091420995014090733e+00
1.092174831262789469e+00 1.092174815294811641e+00
1.092598247660758526e+00 1.092598234178106420e+00
1.093299279883473973e+00 1.093299297082995336e+00
1.093966591430577173e+00 1.093966577308336241e+00
1.094339339964147451e+00 1.094339328406278344e+00
1.094952818059303556e+00 1.094952833078189469e+00
1.095531977849107275e+00 1.095531965603927516e+00
1.095853160534412174e+00 1.095853150837252876e+00
1.096377606579544084e+00 1.096377619108176882e+00
1.096867219365385893e+00 1.096867208703733443e+00
1.097136062445204452e+00 1.097136054338365696e+00
1.097570213003852935e+00 1.097570223062896755e+00
1.097969099265647008e+00 1.097969090624486554e+00
1.098184955073451929e+00 1.098184949189351611e+00
1.098527764238894200e+00 1.098527772309186190e+00
1.098834963024697631e+00 1.098834956520201134e+00
1.098997311544941180e+00 1.098997307638717835e+00
1.099247953459870919e+00 1.099247958918247114e+00
1.099462724700901228e+00 1.099462719820985424e+00
1.099571174821778019e+00 1.099571172607537006e+00
1.099729045667868998e+00 1.099729048713155244e+00
1.099850871961394638e+00 1.099850869133503162e+00
1.099905162417064597e+00 1.099905162275398363e+00
1.099969881869620414e+00 1.099969882431156343e+00
1.099998469725429695e+00 1.099998468623257786e+00
1.099998469725429695e+00 1.099998471276087075e+00
1.099969881869620414e+00 1.099969880013513368e+00
1.099905162417064597e+00 1.099905163505110472e+00
1.099850871961394638e+00 1.099850875830646890e+00
1.099729045667868998e+00 1.099729041655898687e+00
1.099571174821778019e+00 1.099571177809344880e+00
1.099462724700901228e+00 1.099462730232237062e+00
1.099247953459870919e+00 1.099247946669991149e+00
1.098997311544941180e+00 1.098997316262532387e+00
1.098834963024697631e+00 1.098834970496235242e+00
1.098527764238894200e+00 1.098527755430871666e+00
1.098184955073451929e+00 1.098184962112901841e+00
1.097969099265647008e+00 1.097969108914056191e+00
1.097570213003852935e+00 1.097570201683526481e+00
1.097136062445204452e+00 1.097136070941646224e+00
1.096867219365385893e+00 1.096867230352256639e+00
1.096377606579544084e+00 1.096377592609963036e+00
1.095853160534412174e+00 1.095853170947913346e+00
1.095531977849107275e+00 1.095531990954321522e+00
1.094952818059303556e+00 1.094952802244299139e+00
1.094339339964147451e+00 1.094339352617591077e+00
1.093966591430577173e+00 1.093966606585391022e+00
1.093299279883473973e+00 1.093299261699228309e+00
1.092598247660758526e+00 1.092598261824950345e+00
1.092174831262789469e+00 1.092174847826262507e+00
1.091420975570353002e+00 1.091420954986734193e+00
1.090634078068106527e+00 1.090634094085614736e+00
1.090161013852928074e+00 1.090161032364527660e+00
1.089322430119551433e+00 1.089322407539755622e+00
1.088451563042780679e+00 1.088451580782536565e+00
1.087929990663522695e+00 1.087930010653874069e+00
1.087008699110871168e+00 1.087008674101050953e+00
1.086055960454642921e+00 1.086055979742084787e+00
1.085487136424851284e+00 1.085487158093149329e+00
1.084485356524970801e+00 1.084485329803300147e+00
1.083453041520157978e+00 1.083453062874917494e+00
1.082838336186743744e+00 1.082838359767161807e+00
1.081758481315158393e+00 1.081758452555951378e+00
1.080649076899027783e+00 1.080649099540475611e+00
1.079989971140981053e+00 1.079989995824701898e+00
1.078834642762660723e+00 1.078834611820387535e+00
1.077650821587623042e+00 1.077650845834003501e+00
1.076948903248445610e+00 1.076948929677538080e+00
1.075720884650648523e+00 1.075720852245617642e+00
1.074465498645605033e+00 1.074465524625484170e+00
1.073722458708056937e+00 1.073722486584316460e+00
1.072424708295146800e+00 1.072424673851231969e+00
1.071100781794942280e+00 1.071100808861187748e+00
1.070318410307315560e+00 1.070318439240170783e+00
1.068954054473706616e+00 1.068954018312556320e+00
1.067564776933242809e+00 1.067564805521873827e+00
1.066744958696978829e+00 1.066744989110784525e+00
1.065317284295377753e+00 1.065317246660414385e+00
1.063866002605935446e+00 1.063866032509890536e+00
1.063010712634973043e+00 1.063010744195687085e+00
1.061523159058062715e+00 1.061523119838113649e+00
1.060013369484349210e+00 1.060013400571227171e+00
1.059124668247142909e+00 1.059124700920752504e+00
1.057580819141784589e+00 1.057580778523353526e+00
1.056016158899125035e+00 1.056016191158543061e+00
1.055096187354796156e+00 1.055096221081102792e+00
1.053499761988709649e+00 1.053499720054054123e+00
1.051884000480676651e+00 1.051884033825440046e+00
1.050934974921255760e+00 1.050935009630844075e+00
1.049289819222978482e+00 1.049289776086872683e+00
1.047626848960568680e+00 1.047626883298814482e+00
1.046651055671752983e+00 1.046651091243859577e+00
1.044961132965460671e+00 1.044961088688209472e+00
1.043254960189695435e+00 1.043254995416520226e+00
1.042254749942987280e+00 1.042254786292248658e+00
1.040524131400498931e+00 1.040524086109384072e+00
1.038778866431038006e+00 1.038778902495402834e+00
1.037756648820529870e+00 1.037756685898476361e+00
1.035989503653498733e+00 1.035989457518387891e+00
1.034209350986520892e+00 1.034209387863802565e+00
1.033167588623971955e+00 1.033167626394942973e+00
1.031368174039889229e+00 1.031368127156468750e+00
1.029557422219091745e+00 1.029557459715119583e+00
1.028498624801281069e+00 1.028498663010542158e+00
1.026671275747489842e+00 1.026671228020777260e+00
1.024834287032612590e+00 1.024834324921126694e+00
1.023761005295259263e+00 1.023761043809212845e+00
1.021910124015686927e+00 1.021910075752204605e+00
1.020051323873445215e+00 1.020051362360039793e+00
1.018966143446263128e+00 1.018966182460257608e+00
1.017096188876030149e+00 1.017096140253178627e+00
1.015220055318778236e+00 1.015220094178781673e+00
1.014125590496466778e+00 1.014125629707545828e+00
1.012241067519921600e+00 1.012241018537791026e+00
1.010352120317728808e+00 1.010352159469397826e+00
1.009251007761908792e+00 1.009251047162888160e+00
1.007356456359966845e+00 1.007356407192609105e+00
1.005459246152095254e+00 1.005459285489683108e+00
1.004354138539359953e+00 1.004354177978266760e+00
1.002454122852291185e+00 1.002454073611115382e+00
1.000553220184307923e+00 1.000553259672797513e+00
9.994467798156920768e-01 9.994468192957506325e-01
9.975458771477088149e-01 9.975458279726979738e-01
9.956458614606401580e-01 9.956459009066632726e-01
9.945407538479047460e-01 9.945407930947720576e-01
9.926435436400332657e-01 9.926434944711255426e-01
9.907489922380912084e-01 9.907490314864356717e-01
9.896478796822713031e-01 9.896479186597139099e-01
9.877589324800783999e-01 9.877588836389555871e-01
9.858744095035333332e-01 9.858744486516110017e-01
9.847799446812218749e-01 9.847799834043980960e-01
9.829038111239698505e-01 9.829037626471105460e-01
9.810338565537369826e-01 9.810338953754842439e-01
9.799486761265547852e-01 9.799487144168705921e-01
9.780898759843130730e-01 9.780898281008933992e-01
9.762389947047407368e-01 9.762390332745625177e-01
9.751657129673872992e-01 9.751657508543221109e-01
9.733287242525101579e-01 9.733286769009511508e-01
9.715013751987189305e-01 9.715014130826026273e-01
9.704425777809081444e-01 9.704426148139888575e-01
9.686318259601108815e-01 9.686317792651741865e-01
9.668324113760281557e-01 9.668324488583497356e-01
9.657906490134791078e-01 9.657906856658702299e-01
9.640104963465011556e-01 9.640104507680415935e-01
9.622433511794702410e-01 9.622433880553200591e-01
9.612211335689618830e-01 9.612211692830814336e-01
9.594758685995010694e-01 9.594758236027913778e-01
9.577452500570127203e-01 9.577452858808827019e-01
9.567450398103045650e-01 9.567450745074497220e-01
9.550388670345393294e-01 9.550388232934948762e-01
9.533489443282470166e-01 9.533489796972760555e-01
9.523731510394313204e-01 9.523731851769232648e-01
9.507101807770216295e-01 9.507101383581709753e-01
9.490650250787443509e-01 9.490650594341591972e-01
9.481159995193233492e-01 9.481160323842815485e-01
9.465002380112903513e-01 9.465001965794107575e-01
9.449038126452038444e-01 9.449038458354076520e-01
9.439838411008749652e-01 9.439838728127755152e-01
9.424191808582154106e-01 9.424191408920967739e-01
9.408753317528570914e-01 9.408753639947423641e-01
9.399866305156506785e-01 9.399866611366055613e-01
9.384768409419372848e-01 9.384768024490167670e-01
9.369892873650270682e-01 9.369893184226805172e-01
9.361339973940645542e-01 9.361340267274907978e-01
9.346827157046223578e-01 9.346826787683830684e-01
9.332550413030212821e-01 9.332550711535302357e-01
9.324352230667573016e-01 9.324352510999280863e-01
9.310459455262932726e-01 9.310459102465302728e-01
9.296815896926844403e-01 9.296816182345895019e-01
9.288992182050576085e-01 9.288992448239132838e-01
9.275752917048533108e-01 9.275752581440059874e-01
9.262775412919431739e-01 9.262775684690588429e-01
9.255345013543950783e-01 9.255345265304135705e-01
9.242791153493515877e-01 9.242790836074088467e-01
9.230510967515543896e-01 9.230511224831843275e-01
9.223491784123769577e-01 9.223492020445044348e-01
9.211653572373393883e-01 9.211653273664914821e-01
9.200100288590190578e-01 9.200100530958372769e-01
9.193509231009722171e-01 9.193509451729483528e-01
9.182415186848416067e-01 9.182414907850710017e-01
9.171616638132562560e-01 9.171616864844444050e-01
9.165469584798421332e-01 9.165469788924337502e-01
9.155146434750293105e-01 9.155146175687074450e-01
9.145128635751487156e-01 9.145128846257419841e-01
9.139440395453571897e-01 9.139440582924854839e-01
9.129913008891288317e-01 9.129912771153866347e-01
9.120700093364773053e-01 9.120700287748780832e-01
9.115484369572193213e-01 9.115484540193029561e-01
9.106775698804484565e-01 9.106775482758937557e-01
9.098389861470720374e-01 9.098390038905284083e-01
9.093659219318934728e-01 9.093659372400756391e-01
9.085790244296469975e-01 9.085790050159223696e-01
9.078251687372105305e-01 9.078251846762951383e-01
9.074017523392413631e-01 9.074017657506985302e-01
9.067007201165261376e-01 9.067007028072094910e-01
9.060334085694228268e-01 9.060334226249671108e-01
9.056606600358526604e-01 9.056606715882932201e-01
9.050471819406963325e-01 9.050471670760356080e-01
9.044680221508927254e-01 9.044680346144307048e-01
9.041468394655877150e-01 9.041468493706745768e-01
9.036223934204560271e-01 9.036223808831518323e-01
9.031327806346139964e-01 9.031327910688571325e-01
9.028639375547955481e-01 9.028639453187657926e-01
9.024297869961471763e-01 9.024297766602453752e-01
9.020309007343529917e-01 9.020309093172453885e-01
9.018150449265480706e-01 9.018150509344787791e-01
9.014722357611059111e-01 9.014722279803908389e-01
9.011650369753024803e-01 9.011650437417341175e-01
9.010026884550589310e-01 9.010026925229700501e-01
9.007520465401289700e-01 9.007520410349425521e-01
9.005372752990987717e-01 9.005372800373990794e-01
9.004288251782218699e-01 9.004288272547696925e-01
9.002709543321310015e-01 9.002709512879847331e-01
9.001491280386053617e-01 9.001491309582436706e-01
9.000948375829354031e-01 9.000948378361226521e-01
9.000301181303795861e-01 9.000301175395590825e-01
9.000015302745703050e-01 9.000015312117590760e-01
9.000015302745703050e-01 9.000015284940835469e-01
9.000301181303795861e-01 9.000301198517617340e-01
9.000948375829354031e-01 9.000948365298501175e-01
9.001491280386053617e-01 9.001491243261421360e-01
9.002709543321310015e-01 9.002709585369420564e-01
9.004288251782218699e-01 9.004288222702474531e-01
9.005372752990987717e-01 9.005372697198764653e-01
9.007520465401289700e-01 9.007520531295160060e-01
9.010026884550588200e-01 9.010026835663894618e-01
9.011650369753024803e-01 9.011650294323307886e-01
9.014722357611059111e-01 9.014722447717405940e-01
9.018150449265480706e-01 9.018150382379966912e-01
9.020309007343529917e-01 9.020308914568263559e-01
9.024297869961471763e-01 9.024297984500228020e-01
9.028639375547955481e-01 9.028639288777761118e-01
9.031327806346139964e-01 9.031327692669296470e-01
9.036223934204560271e-01 9.036224069013880644e-01
9.041468394655877150e-01 9.041468287157320427e-01
9.044680221508927254e-01 9.044680089054093486e-01
9.050471819406963325e-01 9.050471979984360260e-01
9.056606600358525494e-01 9.056606478272751781e-01
9.060334085694228268e-01 9.060333938869354897e-01
9.067007201165260266e-01 9.067007385455476687e-01
9.074017523392413631e-01 9.074017381391852322e-01
9.078251687372105305e-01 9.078251519668272262e-01
9.085790244296469975e-01 9.085790447652304369e-01
9.093659219318934728e-01 9.093659057891033681e-01
9.098389861470720374e-01 9.098389676460185704e-01
9.106775698804484565e-01 9.106775925682950579e-01
9.115484369572193213e-01 9.115484192620754156e-01
9.120700093364773053e-01 9.120699892839543299e-01
9.129913008891288317e-01 9.129913256893187334e-01
9.139440395453571897e-01 9.139440200541407711e-01
9.145128635751486046e-01 9.145128417780175045e-01
9.155146434750291995e-01 9.155146702896025390e-01
9.165469584798421332e-01 9.165469373568088107e-01
9.171616638132562560e-01 9.171616404995961425e-01
9.182415186848416067e-01 9.182415475799816651e-01
9.193509231009722171e-01 9.193509004149270636e-01
9.200100288590189468e-01 9.200100040135784640e-01
9.211653572373393883e-01 9.211653879885719487e-01
9.223491784123769577e-01 9.223491540884263262e-01
9.230510967515543896e-01 9.230510703689909224e-01
9.242791153493514766e-01 9.242791479555536593e-01
9.255345013543949673e-01 9.255344755802723533e-01
9.262775412919430629e-01 9.262775135541785332e-01
9.275752917048533108e-01 9.275753260992548599e-01
9.288992182050576085e-01 9.288991909755056620e-01
9.296815896926843292e-01 9.296815605733185217e-01
9.310459455262932726e-01 9.310459815872493827e-01
9.324352230667571906e-01 9.324351944785426172e-01
9.332550413030212821e-01 9.332550109451751563e-01
9.346827157046222467e-01 9.346827534049525488e-01
9.361339973940645542e-01 9.361339675260109683e-01
9.369892873650270682e-01 9.369892558087344892e-01
9.384768409419372848e-01 9.384768801581978570e-01
9.399866305156506785e-01 9.399865994457548002e-01
9.408753317528570914e-01 9.408752991217502748e-01
9.424191808582155216e-01 9.424192215077262791e-01
9.439838411008749652e-01 9.439838088034600005e-01
9.449038126452037334e-01 9.449037788145930872e-01
9.465002380112902403e-01 9.465002797776180810e-01
9.481159995193233492e-01 9.481159660545451784e-01
9.490650250787442399e-01 9.490649903284321676e-01
9.507101807770215185e-01 9.507102240463298770e-01
9.523731510394313204e-01 9.523731169177387379e-01
9.533489443282470166e-01 9.533489089748903300e-01
9.550388670345393294e-01 9.550389113978740019e-01
9.567450398103045650e-01 9.567450045197010144e-01
9.577452500570127203e-01 9.577452135592110505e-01
9.594758685995009584e-01 9.594759137203894284e-01
9.612211335689618830e-01 9.612210973983909001e-01
9.622433511794702410e-01 9.622433140636701410e-01
9.640104963465011556e-01 9.640105425433045383e-01
9.657906490134791078e-01 9.657906122581306763e-01
9.668324113760281557e-01 9.668323737443389465e-01
9.686318259601108815e-01 9.686318729737547484e-01
9.704425777809080333e-01 9.704425403549327145e-01
9.715013751987189305e-01 9.715013370026871486e-01
9.733287242525101579e-01 9.733287718722259951e-01
9.751657129673872992e-01 9.751656749072622477e-01
9.762389947047406258e-01 9.762389560113928777e-01
9.780898759843129620e-01 9.780899241454834581e-01
9.799486761265547852e-01 9.799486376305448498e-01
9.810338565537369826e-01 9.810338175839787844e-01
9.829038111239698505e-01 9.829038598249831837e-01
9.847799446812217639e-01 9.847799058967596775e-01
9.858744095035333332e-01 9.858743703528840552e-01
9.877589324800783999e-01 9.877589815013881891e-01
9.896478796822711921e-01 9.896478405449190552e-01
9.907489922380912084e-01 9.907489528354317398e-01
9.926435436400332657e-01 9.926435927651444668e-01
9.945407538479047460e-01 9.945407144532204535e-01
9.956458614606400470e-01 9.956458614606400470e-01
9.975458771477087039e-01 9.975458771477087039e-01
9.994467798156921878e-01 9.994467798156921878e-01
